CountyId,Total,NaturalResources,Construction,Manufacturing,WholesaleTrade,RetailTrade,TransportationUtilities,Information,Finance,ProfessionalScientific,Education,ArtsEntertainment,OtherServices,Administration
28039,8260,2.240,13.220,19.177,2.337,10.860,6.295,0.860,3.123,8.257,21.671,4.213,4.395,3.354
47189,59107,0.944,6.470,9.547,4.353,13.821,6.165,2.176,7.649,10.530,18.445,9.706,5.341,4.854
31067,11077,6.021,6.599,14.092,3.358,11.077,5.742,1.309,4.071,4.758,28.853,4.631,4.469,5.019
8031,348382,1.276,6.929,5.356,2.784,9.098,4.188,3.534,8.304,17.359,20.267,11.904,4.951,4.050
22081,3241,11.879,14.409,10.861,1.604,9.226,6.356,0.123,1.944,5.708,21.537,7.282,3.055,6.017
21039,2122,6.692,10.462,14.138,2.215,10.085,9.802,1.225,4.053,6.975,18.850,6.173,3.440,5.891
2150,7032,8.362,3.370,11.377,2.204,11.945,6.286,0.867,4.508,7.409,19.255,8.660,3.299,12.457
27077,1975,9.114,5.165,22.785,2.278,10.430,2.582,0.557,3.494,1.519,13.975,22.886,2.532,2.684
42117,18289,6.315,6.425,16.513,2.231,11.712,5.626,1.301,3.745,5.867,23.703,7.885,4.675,4.002
27113,7636,3.824,5.330,15.440,15.270,17.496,4.990,1.048,2.344,2.868,21.464,4.741,3.654,1.532
30067,7782,10.370,7.582,4.857,0.822,14.919,2.788,3.315,5.526,8.841,18.157,13.621,5.436,3.765
18095,54576,1.041,5.676,13.896,2.351,11.540,5.372,1.510,4.881,8.813,24.315,10.373,5.579,4.652
54021,2791,8.492,4.407,4.801,0.537,8.348,5.231,1.397,1.612,3.189,32.856,11.215,8.026,9.889
39007,40422,1.554,6.185,24.455,1.697,12.122,5.754,1.502,3.617,5.448,22.767,7.117,4.465,3.318
17143,85639,0.875,4.928,16.217,2.088,10.868,4.138,1.659,5.381,10.054,26.807,8.692,5.051,3.243
20013,4606,8.011,3.734,17.564,1.411,9.249,4.494,1.780,3.517,4.624,28.094,7.924,3.647,5.949
36119,465097,0.182,6.035,4.070,2.409,9.764,3.983,3.310,10.215,14.626,27.392,8.432,5.897,3.685
27013,36492,2.949,5.050,13.902,2.409,13.830,3.469,2.442,3.623,6.758,27.916,10.131,4.708,2.814
29059,5943,4.156,8.682,12.384,4.812,15.665,8.901,1.380,3.012,6.613,18.324,5.788,6.024,4.257
35017,10585,13.519,8.276,1.493,1.228,11.535,3.212,1.294,4.110,5.895,31.460,9.249,3.694,5.035
12021,141106,3.662,10.042,3.420,2.196,13.250,3.373,1.451,8.132,12.856,16.952,15.617,6.287,2.761
4025,81511,2.775,8.311,4.853,1.935,12.723,4.588,1.494,4.571,9.510,24.456,13.856,6.069,4.858
36025,19850,3.975,8.665,13.401,1.683,10.786,3.844,1.290,3.980,6.705,27.426,9.164,4.317,4.766
47103,14232,1.939,7.574,25.471,2.431,13.055,3.654,1.244,4.272,7.174,16.069,6.443,4.841,5.832
48497,27154,11.008,7.284,9.339,2.394,11.438,9.660,1.764,4.242,6.482,20.303,6.408,4.961,4.718
42085,50055,1.764,5.292,16.038,2.196,13.185,4.139,1.095,3.746,6.415,28.479,8.461,5.116,4.074
12055,31131,7.260,5.737,4.012,1.773,14.696,3.447,0.909,4.629,8.329,25.312,11.943,5.647,6.306
51083,14234,2.698,6.175,16.784,0.977,16.187,5.592,0.955,2.185,5.374,25.137,6.506,5.115,6.316
31013,5606,8.848,6.047,7.314,2.818,6.939,22.922,0.624,4.067,5.227,21.780,4.370,5.851,3.193
6047,96170,13.557,6.327,11.586,3.021,11.095,5.368,1.155,3.633,6.672,22.229,7.289,4.029,4.039
32033,3529,24.653,7.339,1.275,1.927,8.728,3.202,1.133,1.984,4.279,16.634,11.646,1.474,15.727
31003,3288,22.719,6.934,6.204,3.741,12.622,6.752,0.730,4.227,2.433,21.533,5.018,3.771,3.315
21107,19388,8.505,5.478,13.973,2.661,12.461,3.858,0.738,4.668,4.926,25.418,6.530,5.720,5.065
48103,1980,29.192,5.354,4.192,2.929,7.879,9.141,0.253,0.202,3.434,19.394,5.051,8.182,4.798
56041,10064,11.486,7.134,5.793,2.603,12.162,7.204,1.789,3.378,6.558,25.229,8.545,3.567,4.551
29163,7300,7.808,7.795,10.342,4.192,13.219,5.740,2.671,4.137,7.521,22.507,4.329,3.589,6.151
27153,11437,8.577,7.756,20.512,2.168,9.627,5.613,1.618,3.515,5.063,23.686,4.652,4.695,2.518
27005,15929,4.884,8.651,13.397,2.147,13.642,4.727,1.061,3.522,4.897,25.143,8.990,4.621,4.319
48175,2962,13.774,4.558,12.323,2.026,9.453,4.591,2.600,2.093,5.199,25.017,6.178,4.659,7.529
5101,3228,6.722,8.457,12.608,1.425,13.042,10.936,1.425,3.810,4.120,23.668,8.426,3.532,1.828
35043,58433,1.503,6.979,8.206,2.173,11.815,4.290,2.209,5.702,10.699,24.231,10.516,4.039,7.636
2016,3787,1.822,6.628,38.896,1.954,7.631,14.603,1.188,1.664,3.802,8.027,2.799,2.931,8.054
46129,2595,7.592,7.206,5.010,3.545,11.214,6.166,2.119,4.432,4.393,25.434,10.520,6.127,6.243
22105,53685,2.513,9.489,8.794,2.552,12.776,4.696,1.317,4.459,6.380,25.493,10.960,5.232,5.339
48327,797,13.300,13.425,3.388,0.000,11.292,6.650,0.000,2.008,7.277,27.353,6.148,2.384,6.775
26157,23074,4.243,6.583,17.812,1.911,12.954,5.326,0.979,3.775,6.167,25.163,7.069,4.923,3.094
27111,27662,5.441,8.192,13.922,2.776,10.574,5.929,1.826,4.501,6.250,25.092,6.149,5.437,3.912
47021,18572,1.007,11.485,12.320,2.854,11.189,6.327,1.621,6.111,8.077,20.536,6.725,5.611,6.138
16003,1474,11.601,9.091,6.988,0.814,12.890,1.967,0.543,4.003,7.598,21.845,12.619,3.324,6.716
23009,26665,5.715,8.494,5.614,1.924,12.680,3.484,1.560,4.155,11.157,25.869,11.041,5.318,2.989
39049,616368,0.204,4.109,7.642,3.141,12.256,5.101,2.486,9.987,12.108,24.379,9.876,4.154,4.558
18119,9276,2.264,9.250,22.736,1.746,10.339,6.544,1.800,3.773,5.423,20.666,6.080,6.134,3.245
51167,10211,10.704,7.649,7.952,1.175,13.701,7.345,2.282,4.427,6.787,25.776,3.173,4.642,4.387
29510,147194,0.438,3.756,8.002,2.461,9.117,4.185,2.461,6.656,11.521,27.511,13.450,4.984,5.459
5081,4805,2.456,5.245,19.188,0.874,11.696,7.242,0.479,2.601,6.493,24.142,6.951,3.267,9.365
21193,9364,10.103,6.247,2.392,2.990,14.364,4.923,1.292,4.026,6.098,31.792,7.027,3.610,5.137
48439,924741,1.244,6.689,11.157,3.209,11.950,7.346,1.993,7.842,10.758,19.909,9.102,5.307,3.492
6103,23127,7.113,7.848,7.865,2.642,14.023,5.695,0.956,5.522,7.299,20.552,9.322,4.384,6.780
6025,58391,9.972,5.122,4.987,2.678,13.726,6.504,0.896,2.980,6.295,25.067,6.850,4.040,10.880
48335,2955,14.890,9.814,5.178,1.624,8.528,6.396,0.000,2.640,4.772,27.073,2.572,4.670,11.844
16045,5789,7.117,9.138,7.186,3.023,8.533,7.773,1.952,3.973,7.307,26.429,6.063,4.699,6.806
39003,47604,0.878,4.886,20.221,3.128,10.564,3.874,1.225,4.481,6.287,25.279,9.730,5.691,3.756
48435,1771,35.743,7.962,1.129,2.315,4.122,5.308,1.073,1.637,6.663,15.584,9.938,5.647,2.880
19045,23564,3.539,6.132,21.321,2.029,13.792,4.206,1.736,4.316,7.384,22.649,6.799,3.051,3.047
18173,29930,1.564,6.806,15.687,3.000,13.963,4.076,1.904,5.857,7.143,25.433,7.571,4.634,2.362
13081,8633,3.209,6.452,9.035,3.000,13.715,3.741,0.938,7.402,6.707,24.569,7.854,6.116,7.263
8025,1457,8.099,6.726,1.098,3.981,24.365,1.579,0.275,1.441,5.079,25.257,6.520,1.647,13.933
17029,24939,2.221,5.273,13.874,1.488,11.837,3.637,3.196,4.294,5.594,30.535,11.063,4.824,2.165
37185,6958,2.831,6.007,15.637,1.523,12.489,4.685,0.790,3.047,6.884,27.048,6.999,3.665,8.393
21085,10342,3.288,12.589,22.278,1.837,11.990,5.947,0.561,3.210,3.655,20.102,6.720,3.094,4.728
28015,3705,6.208,6.991,11.525,4.291,10.553,7.962,1.511,4.130,7.557,21.404,3.482,4.696,9.690
35059,1692,18.381,5.201,3.191,0.236,7.979,5.201,0.532,3.487,4.492,26.064,8.629,2.660,13.948
33013,76330,0.984,7.289,10.343,3.076,11.905,3.076,1.589,6.418,9.536,27.182,7.606,4.732,6.262
5147,2472,14.239,7.201,12.621,3.236,10.275,6.149,0.688,4.571,1.578,25.121,4.531,4.248,5.542
48341,10714,9.856,5.180,28.813,3.108,8.690,3.901,0.924,1.839,4.853,15.214,8.960,4.751,3.911
41065,10907,11.396,5.895,6.198,2.365,13.111,4.346,1.650,3.997,6.766,25.094,10.058,5.153,3.970
13197,3219,3.293,11.650,13.917,2.672,10.904,6.928,0.000,6.648,3.231,22.460,3.324,3.386,11.587
49015,4188,11.103,11.676,4.370,2.459,13.324,9.312,2.197,1.600,3.725,22.373,6.208,5.611,6.041
20009,13200,10.015,7.356,8.894,2.106,10.591,5.705,1.129,6.841,5.159,26.826,6.523,4.159,4.697
16039,9981,6.332,5.060,8.045,1.152,11.061,6.072,1.202,4.408,4.929,20.158,8.426,5.090,18.064
47141,30346,0.969,7.704,13.290,2.811,11.619,4.524,1.163,4.004,6.838,25.153,13.089,4.544,4.291
20079,16472,2.532,7.097,22.893,1.839,7.358,4.930,1.008,3.491,5.057,29.231,6.016,4.262,4.286
13319,3287,6.723,8.610,16.063,0.152,9.553,5.932,1.034,6.298,6.389,21.205,4.320,7.180,6.541
45013,70487,1.020,8.187,4.079,1.514,13.262,2.891,1.857,6.973,13.376,19.375,16.929,5.015,5.522
21121,9477,2.395,6.510,12.029,0.992,12.894,7.471,1.519,3.820,9.771,27.783,8.209,3.081,3.524
29127,12851,2.615,6.038,16.372,1.354,10.303,5.035,2.124,4.786,6.544,26.177,10.023,4.218,4.412
25021,358283,0.189,5.010,7.012,2.350,9.871,3.486,2.630,11.327,14.754,28.011,7.537,4.014,3.810
17145,8312,5.883,7.182,16.915,1.805,10.996,5.775,1.480,3.008,4.259,24.290,7.110,5.282,6.015
6075,478373,0.204,3.424,5.529,1.790,9.986,3.717,5.502,8.613,22.236,18.657,12.103,4.848,3.391
22043,7068,6.211,10.640,9.522,2.632,8.885,5.985,2.462,3.622,5.150,28.367,5.589,4.570,6.367
42089,76767,1.007,5.233,9.119,2.721,12.831,6.574,1.872,5.652,9.614,24.100,13.069,3.815,4.393
38077,8800,10.795,7.216,16.239,4.500,11.455,3.943,0.784,3.761,3.273,25.182,5.966,3.500,3.386
19193,51599,2.120,5.618,18.601,3.016,12.713,4.552,1.638,4.339,7.281,21.491,10.554,4.502,3.574
6065,920603,1.691,8.366,9.073,3.122,13.117,5.528,1.497,5.237,10.034,20.568,11.417,5.332,5.019
27133,4716,10.941,7.040,10.178,3.159,13.041,5.831,0.975,5.725,4.135,25.975,5.428,4.856,2.714
48317,2342,20.239,8.198,4.740,1.708,10.760,8.924,0.939,3.074,3.886,18.830,5.337,10.290,3.074
17179,64883,1.566,5.926,17.901,2.565,11.954,4.480,1.534,6.239,7.694,24.156,8.156,4.297,3.533
13083,7848,1.440,9.646,13.749,1.809,8.869,6.397,1.682,5.301,8.028,21.674,10.066,7.441,3.899
16019,47191,2.922,7.726,9.548,2.958,12.899,4.533,1.784,3.598,13.994,22.146,8.864,4.022,5.005
55105,75824,1.811,5.866,22.132,3.684,11.817,5.013,1.629,3.797,6.561,22.515,7.735,4.162,3.279
46077,2631,14.329,5.929,18.282,4.599,5.283,6.727,1.748,6.880,3.345,20.525,6.613,4.485,1.254
22085,8803,15.438,5.839,9.849,1.443,10.610,5.407,0.488,4.192,5.464,22.708,6.929,6.645,4.987
41003,39915,3.670,3.886,8.465,1.313,9.297,2.305,1.689,3.074,10.124,37.956,9.713,4.565,3.943
48191,1214,15.239,11.532,2.142,3.624,14.909,7.496,0.577,3.460,2.883,24.712,5.272,3.542,4.613
27119,15978,7.454,7.154,10.665,3.267,11.672,5.652,1.389,3.273,4.469,27.938,7.817,5.420,3.830
30005,2574,19.075,8.974,0.894,2.292,8.974,4.584,0.544,3.652,4.429,24.359,5.556,3.341,13.326
26131,2048,6.445,8.301,8.154,0.586,10.400,7.178,2.393,4.102,3.467,22.949,12.158,6.348,7.520
24009,45249,0.338,10.144,4.073,2.411,11.101,5.474,2.168,4.946,13.565,17.647,7.565,4.959,15.609
51031,26131,1.026,7.654,15.690,2.560,12.104,5.411,1.504,3.456,8.545,24.339,7.263,6.429,4.018
13201,2373,14.454,4.593,11.420,2.191,11.673,4.509,0.464,6.237,5.858,24.737,4.340,4.973,4.551
8051,9016,2.784,13.077,1.708,0.632,13.620,5.113,1.919,4.048,9.982,17.258,21.606,5.091,3.161
47055,11881,2.432,6.826,25.579,2.264,12.507,4.385,1.094,3.947,5.521,20.587,5.681,4.284,4.890
22089,24804,0.968,9.801,12.272,4.415,11.127,8.031,1.189,4.358,8.410,21.190,9.023,4.915,4.302
21217,10395,4.165,5.676,15.594,2.030,16.065,3.992,1.655,3.733,6.003,24.839,8.235,3.877,4.137
36061,884457,0.058,1.759,3.047,2.193,7.898,2.435,6.528,16.513,19.673,22.330,10.828,4.145,2.592
49041,8449,10.924,7.255,5.456,2.888,17.185,9.208,0.379,2.036,4.663,20.606,7.989,3.870,7.539
13085,9787,2.575,7.960,10.524,4.230,14.090,6.846,1.216,6.774,11.914,16.716,9.349,4.445,3.362
36069,53394,1.584,5.620,14.268,2.255,13.297,3.034,2.058,4.628,7.787,28.531,8.853,4.272,3.811
30097,1613,24.179,9.981,2.728,1.240,9.237,6.572,0.496,6.014,3.720,18.165,7.192,5.518,4.960
21197,4360,2.546,7.041,20.505,2.775,7.683,6.628,0.963,2.339,8.050,21.628,9.977,4.656,5.206
17063,23887,1.637,9.336,10.625,3.659,12.731,8.980,1.109,4.651,7.301,22.774,9.842,4.329,3.027
48495,3271,20.544,11.189,2.874,6.145,8.713,12.198,0.367,3.607,3.791,17.273,4.830,3.883,4.586
48223,15235,6.885,7.089,11.408,5.107,13.174,6.209,1.057,5.422,6.045,21.989,7.417,4.529,3.669
39117,16096,2.833,9.089,20.055,2.970,11.686,3.902,1.665,4.896,5.803,21.285,6.399,4.691,4.728
20179,1286,28.849,8.165,3.110,0.933,11.353,5.599,1.555,6.299,4.355,15.708,3.655,6.221,4.199
29211,2794,10.129,6.263,29.993,1.646,8.339,4.975,0.931,3.472,4.653,20.079,3.508,3.400,2.613
5047,6592,6.660,8.404,18.249,2.184,10.194,6.599,0.713,3.368,4.414,23.635,5.567,3.535,6.478
48321,15874,6.142,10.016,11.125,2.236,10.275,10.810,0.409,3.364,9.342,20.530,8.366,5.563,1.821
21169,4014,8.022,5.805,24.664,1.918,12.581,6.328,0.523,3.488,7.773,17.015,2.915,3.737,5.232
48391,3096,17.022,7.332,5.523,3.133,10.917,4.942,0.711,6.492,6.395,16.893,7.364,7.332,5.943
28149,19554,2.056,8.627,12.325,1.417,8.765,5.625,1.176,2.230,9.865,22.307,14.846,4.884,5.876
19097,9687,7.350,6.886,18.747,2.261,15.371,6.545,1.528,5.409,3.210,19.139,6.431,4.491,2.632
26011,5569,3.555,5.854,15.676,1.939,14.617,5.513,0.898,3.932,5.243,24.708,10.523,3.555,3.986
32023,14143,8.577,8.860,3.684,1.195,12.607,5.268,2.022,4.023,7.700,14.566,17.464,5.543,8.492
30051,950,38.421,5.684,1.263,2.421,9.368,3.895,0.000,2.737,2.632,16.842,7.053,3.474,6.211
54109,6451,21.919,3.240,2.790,1.860,13.114,4.836,1.876,2.248,4.759,27.376,7.084,2.682,6.216
6099,208428,5.546,6.781,12.009,4.470,13.730,5.626,1.164,3.676,8.629,21.587,8.214,4.795,3.772
39151,174941,1.145,5.816,17.708,2.923,11.934,4.618,1.587,5.261,8.625,24.180,8.905,4.684,2.615
13321,8359,4.139,9.236,12.454,2.919,12.705,7.178,0.694,3.565,7.477,20.254,8.039,3.900,7.441
29141,6875,5.120,8.553,13.585,1.600,19.855,4.553,1.135,3.709,5.047,18.138,7.200,6.516,4.989
19079,7476,7.999,6.140,15.904,4.307,12.092,4.267,2.702,3.906,5.912,23.622,5.177,4.815,3.157
21123,5771,1.733,7.191,22.145,2.409,12.338,5.857,1.733,4.488,4.921,16.652,8.161,8.751,3.622
20149,10795,3.687,10.032,10.357,1.742,11.691,3.918,1.417,6.068,6.670,29.458,5.632,4.502,4.826
37149,8270,0.798,10.278,11.862,3.011,14.946,3.736,1.052,4.099,10.278,24.341,7.473,3.531,4.595
51111,4523,4.599,10.038,11.939,1.415,11.453,3.560,2.432,3.073,6.367,25.249,4.267,5.063,10.546
48037,35959,1.504,6.797,8.693,2.731,12.520,4.636,1.029,5.264,8.276,23.955,8.724,5.534,10.337
8011,1212,21.122,6.436,1.073,0.413,3.713,3.960,1.898,3.135,6.931,21.782,2.475,5.363,21.700
8125,4878,26.527,8.139,2.788,2.317,10.414,4.490,0.636,4.920,5.925,18.184,7.565,4.920,3.178
28061,6257,6.057,6.904,26.099,3.756,5.162,4.970,2.269,3.468,3.276,22.231,7.591,2.525,5.690
45027,11443,3.260,7.122,14.786,1.678,14.044,5.453,1.617,5.305,6.065,22.686,8.022,4.308,5.654
5055,17659,3.233,4.479,22.985,3.460,12.345,5.799,1.087,3.885,4.332,24.039,5.861,4.836,3.658
27001,6428,2.676,9.256,9.023,2.225,12.274,5.803,1.307,4.154,4.387,23.553,14.468,4.978,5.896
51520,7306,0.452,4.161,11.361,2.532,13.619,3.367,2.765,4.558,10.211,23.939,12.866,5.817,4.353
29227,973,16.341,8.736,11.819,1.336,10.894,3.803,0.514,4.522,5.242,18.911,6.886,4.933,6.064
21109,3993,1.227,8.064,21.062,1.327,12.597,9.917,3.231,3.030,3.606,25.169,2.179,3.631,4.959
17177,21853,5.212,5.688,19.004,2.402,11.019,4.466,0.668,6.434,6.736,24.175,6.635,5.134,2.425
36081,1104930,0.158,6.607,4.232,2.602,10.508,7.906,2.592,8.068,10.978,23.854,11.784,6.692,4.020
13165,3035,3.756,11.334,13.114,1.285,10.939,12.026,0.527,1.120,7.809,24.514,4.382,3.789,5.404
21171,3943,9.232,7.329,19.757,3.246,13.340,2.130,1.446,2.891,3.018,23.256,5.022,4.819,4.514
51640,2842,0.985,2.885,21.393,1.232,16.678,4.996,0.915,2.533,8.269,19.810,11.049,5.595,3.659
16035,2877,15.016,6.882,11.470,3.024,8.481,3.997,1.251,2.642,3.789,26.660,6.847,2.711,7.230
45039,8693,2.738,4.360,19.337,1.150,9.134,9.490,0.840,4.889,6.948,20.373,7.937,4.406,8.398
16083,36316,8.685,5.199,9.552,2.924,14.520,5.670,1.559,4.486,7.661,21.745,9.101,5.303,3.596
12121,15676,6.028,6.864,6.417,2.762,15.285,6.175,1.167,3.910,6.386,20.458,8.216,5.862,10.468
30027,5579,13.121,9.590,4.463,1.452,9.339,3.424,1.810,3.728,7.259,24.951,6.937,7.474,6.453
29177,10147,2.641,6.662,17.562,3.499,8.948,7.874,2.208,4.524,6.810,22.460,5.499,6.416,4.898
29027,19844,3.276,7.599,8.048,2.242,10.693,7.060,1.356,5.170,5.876,25.312,8.098,4.727,10.542
18121,6730,5.840,7.325,20.297,4.443,9.019,3.522,1.709,3.551,6.716,16.895,8.276,5.854,6.553
21185,29304,1.304,5.641,13.384,2.948,11.435,5.358,2.088,8.603,9.081,23.103,8.883,4.528,3.645
53033,1079601,0.554,4.600,9.983,2.855,11.574,4.592,3.607,6.036,18.226,20.184,9.750,4.714,3.324
18057,154190,0.636,4.497,12.398,4.054,10.738,3.084,2.336,10.228,13.612,23.557,7.552,4.188,3.120
29071,48336,1.657,9.808,20.165,2.580,12.010,5.160,1.808,4.742,8.768,18.984,7.777,4.018,2.524
53039,7766,8.911,10.404,11.628,2.176,8.511,7.468,3.554,2.949,10.005,18.800,6.155,4.314,5.125
22109,48450,12.524,8.161,8.355,2.951,12.506,6.590,1.185,4.632,6.873,17.459,9.628,5.515,3.620
51595,2074,2.122,5.834,10.463,1.157,12.729,4.725,0.000,3.520,5.497,23.770,4.388,14.127,11.668
20051,16045,6.968,5.198,7.678,2.879,13.076,3.640,2.649,4.350,5.859,30.327,8.489,4.899,3.989
31151,7130,6.886,4.937,27.139,1.543,9.102,6.045,0.393,3.058,4.811,24.362,4.180,4.684,2.861
40115,12922,4.465,5.943,13.195,1.439,10.850,4.891,0.619,3.885,4.697,24.748,14.905,4.581,5.781
37089,46387,2.358,8.720,13.995,2.932,12.812,2.755,1.559,5.368,8.852,24.507,8.602,4.909,2.632
48117,8501,14.339,7.446,14.716,2.012,11.575,7.105,1.435,3.447,4.070,18.351,3.964,7.023,4.517
6085,915619,0.587,5.145,18.543,2.203,9.494,2.770,4.355,4.788,19.000,18.512,7.938,4.239,2.427
46041,1900,15.474,6.842,1.158,0.737,6.579,3.316,1.053,5.842,2.316,33.105,5.842,2.684,15.053
12127,199287,0.844,7.480,6.594,2.006,14.958,4.454,1.784,6.680,10.878,22.368,12.130,5.055,4.771
8057,764,28.403,9.031,1.702,3.141,10.471,6.806,0.000,0.000,4.581,10.209,12.958,3.927,8.770
19117,4122,4.512,5.410,9.170,5.628,22.222,4.440,1.456,6.744,3.348,22.804,3.518,6.963,3.785
35006,9625,7.626,5.299,3.491,0.977,11.979,3.948,1.184,1.340,6.047,27.906,15.429,4.094,10.681
6115,25499,5.247,7.479,4.839,2.459,12.777,4.761,1.890,3.686,10.675,22.715,9.326,4.086,10.059
5011,4180,9.067,7.201,15.789,2.321,13.038,3.636,0.502,4.665,4.713,26.005,3.612,3.373,6.077
48305,2409,16.397,7.721,3.487,4.193,12.287,7.804,0.664,4.317,3.944,21.295,4.857,4.483,8.551
27025,27553,1.372,10.453,16.107,2.541,10.583,5.517,0.936,4.929,7.629,24.567,6.025,4.678,4.664
2068,1210,8.678,6.198,0.661,0.000,3.884,8.760,0.579,0.909,3.884,12.066,43.471,3.554,7.355
46053,2007,18.186,7.922,1.395,2.342,11.261,6.876,1.196,6.378,2.890,26.158,7.573,3.587,4.235
46015,2583,16.647,4.762,2.710,3.407,8.479,2.981,2.633,5.381,4.026,30.662,8.788,2.904,6.620
46027,7510,4.567,4.927,6.272,1.278,13.688,2.330,2.077,4.447,3.555,34.354,15.326,3.848,3.329
51730,12898,0.217,2.923,10.645,1.365,14.072,6.435,1.186,3.241,9.242,27.252,11.149,4.326,7.947
1021,17895,3.230,12.422,14.177,2.347,13.395,7.293,1.056,6.130,6.683,15.781,5.281,6.326,5.879
9015,58842,1.827,5.989,12.613,2.789,13.538,4.709,1.378,4.526,7.719,27.322,9.950,3.934,3.705
36071,171651,0.777,5.822,7.491,3.378,13.757,6.224,2.545,5.816,9.004,25.692,7.995,4.717,6.784
6101,37520,8.843,8.316,6.700,2.377,13.062,5.592,0.890,4.869,7.441,22.468,8.841,4.259,6.341
1057,6122,6.419,5.374,23.391,1.029,10.666,6.975,1.290,3.610,4.149,23.881,6.583,3.545,3.087
16021,3888,12.371,3.807,14.686,1.080,9.979,3.781,1.440,2.829,7.587,21.271,6.816,8.128,6.224
1061,10419,6.527,8.667,12.084,5.480,9.943,8.341,0.672,3.359,6.488,19.887,6.805,5.634,6.114
20045,61881,1.026,4.292,6.758,2.002,12.025,2.867,2.951,5.580,10.346,32.105,11.718,4.229,4.101
1075,5391,3.024,7.642,20.237,2.541,9.813,7.587,2.356,4.174,6.362,18.605,7.346,6.140,4.174
38075,1301,28.132,7.917,4.304,4.304,7.917,3.075,0.846,7.456,5.534,14.758,4.151,3.920,7.686
47143,12496,1.777,6.290,25.408,0.968,13.396,9.939,1.368,3.273,6.698,18.054,6.282,3.377,3.169
2105,1086,11.326,7.090,8.195,0.000,8.932,11.050,3.131,1.381,5.433,15.009,15.746,2.670,10.037
13153,64013,0.620,4.507,9.775,1.768,10.921,4.669,1.058,5.090,8.733,19.794,9.265,4.905,18.895
37007,9875,5.823,6.491,21.954,3.322,10.603,8.375,0.668,2.197,5.205,19.524,6.137,3.048,6.653
55029,13169,2.719,7.540,17.420,1.936,11.557,3.394,1.124,4.769,7.092,17.875,14.808,5.202,4.564
42045,269220,0.334,5.009,7.767,2.485,10.418,5.193,2.098,8.009,11.935,30.346,8.316,4.750,3.341
27051,2943,10.771,8.835,9.582,2.786,11.961,4.825,1.019,4.689,5.403,24.941,5.097,6.728,3.364
44005,40977,0.732,5.835,7.936,2.123,9.896,2.709,1.454,6.777,11.633,26.569,14.113,4.551,5.671
19019,10375,6.496,7.672,21.176,3.480,11.219,4.896,1.330,4.945,3.855,21.455,5.349,4.270,3.855
41019,39563,5.975,5.692,11.266,2.250,12.312,5.136,1.337,4.153,7.178,22.900,10.118,5.996,5.687
13131,9291,8.675,8.137,13.562,3.164,13.023,4.413,2.056,5.468,6.049,22.732,3.627,4.682,4.413
38099,5457,19.150,6.835,9.529,3.317,11.050,5.846,1.759,4.398,2.639,23.713,4.251,3.757,3.757
8059,294390,1.608,7.202,7.562,3.086,11.203,4.352,3.172,7.170,14.879,19.762,9.450,5.082,5.471
18059,35339,1.310,7.063,13.857,3.226,12.038,3.829,1.706,6.364,10.113,23.396,6.274,4.695,6.129
20171,2613,28.779,9.759,5.626,3.368,3.827,4.210,1.760,6.927,0.918,18.217,3.253,8.879,4.478
19173,3061,9.637,6.076,23.228,1.535,8.167,4.116,0.686,4.378,3.104,25.155,3.888,5.456,4.574
36111,85617,1.147,6.959,6.573,2.723,12.918,4.880,2.116,5.428,8.578,29.423,9.511,4.604,5.140
47007,4739,5.022,15.510,15.488,2.490,8.799,5.613,2.617,4.579,5.381,19.688,5.423,2.068,7.322
2230,676,5.030,4.586,13.314,0.296,14.201,21.893,0.888,2.219,2.663,8.580,16.420,2.071,7.840
54087,4892,9.955,9.873,5.642,1.083,16.169,6.521,1.349,4.988,5.008,24.469,6.705,4.742,3.496
48271,1213,8.491,12.943,0.412,0.000,5.029,10.800,0.907,2.473,2.226,23.001,4.617,3.545,25.556
40005,4695,9.031,7.519,8.328,1.917,11.800,5.644,0.852,3.962,5.240,21.491,9.499,5.389,9.329
45043,22756,2.817,6.803,13.012,2.162,14.115,3.247,0.945,5.783,9.105,20.302,14.884,4.003,2.821
20111,16784,2.407,7.233,16.927,1.746,12.125,5.315,1.114,2.699,3.879,28.903,8.687,5.630,3.337
17139,6963,2.872,7.080,25.535,3.217,12.523,5.113,2.398,3.619,4.624,20.666,5.960,3.677,2.714
39099,103169,0.900,5.942,13.890,2.635,13.522,4.509,1.683,4.824,8.172,25.527,10.135,4.749,3.513
48323,20309,10.197,6.204,4.111,1.669,11.916,6.751,0.502,4.156,3.038,29.179,9.572,3.338,9.365
13113,49795,0.225,3.775,9.525,3.185,10.186,14.054,2.334,6.304,10.427,20.600,8.310,5.075,6.001
8014,31807,1.163,5.206,11.148,3.421,10.234,3.575,4.310,5.801,17.826,21.171,8.209,4.279,3.656
18021,11766,3.306,5.278,20.134,1.819,11.661,4.657,0.586,3.638,5.703,22.905,8.576,5.082,6.655
28151,17034,4.280,4.127,8.659,2.677,12.645,5.377,1.867,3.452,7.039,27.058,9.915,5.066,7.837
46115,3266,21.188,5.358,5.021,3.031,9.798,5.205,0.490,4.593,2.572,25.321,5.389,4.899,7.134
37057,71620,0.884,6.574,21.554,2.982,10.549,5.698,1.892,4.584,7.935,21.353,7.312,5.264,3.419
45059,27397,0.810,6.044,25.189,2.843,11.895,3.909,1.471,3.931,5.705,22.050,7.238,5.285,3.628
51155,15480,0.853,5.614,22.364,1.441,13.243,4.380,1.214,2.765,6.150,26.085,7.455,3.734,4.703
6067,633897,0.837,6.328,5.603,2.523,11.233,4.915,2.083,7.482,11.704,22.050,9.360,5.116,10.764
16061,1547,14.286,7.111,6.917,1.745,10.019,5.301,0.840,3.361,4.266,21.978,9.632,4.719,9.825
22127,4920,9.512,6.687,13.577,1.972,8.069,4.289,0.427,7.033,3.089,27.317,3.801,4.695,9.533
32009,437,30.892,5.034,0.915,0.000,2.975,8.238,1.144,0.000,12.357,11.899,12.128,6.407,8.009
51089,21466,1.002,5.637,21.872,2.110,13.142,4.933,0.582,4.724,7.281,23.078,6.392,5.530,3.718
48011,954,12.788,13.208,4.822,4.193,9.853,5.241,1.572,4.403,5.031,23.690,5.451,3.354,6.394
48315,3940,4.924,5.888,9.797,4.213,11.929,6.827,0.964,2.081,7.081,26.294,9.442,5.254,5.305
53067,119123,1.490,6.106,5.712,1.899,11.362,4.374,1.418,5.266,9.153,21.342,9.430,5.032,17.416
27095,11752,2.544,9.181,15.614,2.212,11.241,4.348,0.876,3.701,5.795,24.881,8.586,6.152,4.867
10003,268331,0.551,5.010,8.855,1.864,10.870,4.851,1.925,12.494,11.451,25.359,8.482,4.073,4.215
13053,2204,2.314,6.352,4.310,2.858,10.209,3.811,1.951,3.947,10.617,20.463,7.260,3.358,22.550
39031,15576,5.842,5.804,25.796,1.714,10.510,5.592,1.124,2.709,5.220,22.098,6.305,4.732,2.555
40027,133949,2.569,5.896,6.497,2.307,12.082,4.138,1.748,6.478,8.908,26.565,9.867,4.667,8.278
48289,6673,14.296,12.363,6.774,2.263,12.888,5.395,0.719,5.185,6.834,15.495,8.947,4.736,4.106
47111,9657,6.099,8.502,21.404,1.036,13.089,6.141,1.667,4.297,5.965,20.917,3.428,4.494,2.962
29173,4821,5.518,8.339,18.295,2.240,12.383,5.352,1.182,2.510,6.804,21.676,5.953,4.439,5.310
5061,5596,12.169,5.504,25.375,1.805,11.937,3.806,1.090,2.788,1.948,19.836,6.254,4.575,2.913
5109,4476,11.461,9.205,15.460,2.882,10.009,4.848,0.201,3.820,3.128,21.738,9.205,3.999,4.044
51147,8771,3.147,8.870,5.017,0.490,11.538,3.728,1.459,2.964,4.446,32.391,14.514,4.663,6.772
29025,3889,5.914,10.645,10.825,3.317,10.491,6.146,0.797,6.403,3.883,22.988,4.474,5.477,8.640
5073,2527,12.584,4.788,15.671,1.939,9.141,4.788,0.752,4.116,1.583,25.049,3.918,7.717,7.954
17083,10587,2.314,5.630,12.553,1.814,15.717,5.733,1.086,6.546,5.847,27.845,8.085,3.665,3.164
19035,6018,9.272,7.544,18.096,4.370,14.706,3.656,1.545,3.456,3.008,22.931,3.922,4.121,3.373
49021,19636,4.181,7.573,7.069,1.655,11.418,4.879,1.553,4.909,7.507,27.159,12.594,4.390,5.113
44003,86274,0.187,5.153,11.509,2.820,12.043,4.636,2.132,8.429,8.821,24.836,10.131,4.505,4.799
47033,5766,4.318,5.949,21.661,1.960,8.151,7.128,1.804,4.370,10.510,20.690,5.723,4.180,3.555
29087,2238,11.126,7.507,11.081,2.368,8.266,6.658,1.340,6.122,6.032,21.180,7.909,4.334,6.077
26155,29702,2.279,7.575,17.120,2.582,13.891,5.003,1.505,4.141,6.798,22.621,5.717,5.616,5.151
31163,1569,19.567,7.584,8.540,2.996,9.433,8.859,0.000,3.378,3.250,23.964,3.442,6.246,2.741
31001,15783,5.329,7.996,13.343,3.314,10.708,4.771,1.147,4.720,5.740,27.086,7.445,4.606,3.795
18069,17909,2.239,5.081,27.037,2.831,8.683,5.383,1.954,3.864,4.847,22.201,7.298,5.684,2.898
47051,17027,2.373,5.491,23.533,1.709,11.811,2.731,1.427,3.471,6.877,24.825,6.284,4.980,4.487
19087,8992,4.226,4.871,21.052,1.768,13.434,4.193,0.790,4.604,5.560,26.335,5.171,3.614,4.382
13101,1675,16.179,13.373,16.179,1.254,8.716,4.776,0.597,2.866,6.507,15.224,6.209,6.149,1.970
28051,5301,5.376,6.753,18.034,1.075,9.527,4.867,0.528,3.697,5.056,27.259,5.772,5.678,6.376
22037,7165,1.786,12.296,10.830,3.378,7.620,5.694,0.837,3.168,6.629,26.378,5.625,5.108,10.649
16051,11157,11.042,8.560,9.348,3.711,10.818,6.991,1.649,3.056,11.141,19.127,4.903,4.248,5.405
8047,3159,1.235,10.066,7.376,2.691,9.813,6.204,1.330,2.026,7.471,11.048,29.123,3.292,8.325
46109,4416,13.949,6.091,7.586,2.966,10.054,3.691,0.974,4.325,3.419,23.981,10.688,4.257,8.016
39123,19539,1.935,7.099,16.741,1.991,12.360,6.229,1.239,4.033,6.679,23.271,9.857,4.821,3.746
13259,1485,3.232,2.694,18.249,1.212,8.081,3.838,1.684,3.704,3.973,25.118,11.313,4.444,12.458
26049,161750,0.557,5.127,15.704,2.440,13.326,4.302,1.398,4.788,8.116,26.165,9.487,5.194,3.397
29175,9519,2.091,5.368,9.896,3.309,17.838,7.291,1.744,6.807,5.536,20.349,4.906,8.604,6.261
18155,4314,2.503,8.994,17.014,2.109,5.633,9.666,0.464,4.242,3.616,15.600,17.432,5.285,7.441
41021,783,11.877,9.834,4.981,3.065,13.027,16.858,1.277,1.916,10.089,9.706,5.747,2.682,8.940
20129,1408,23.580,4.545,3.622,4.261,8.168,5.753,2.344,4.545,2.699,25.639,5.114,6.321,3.409
20195,1684,13.302,5.226,5.938,4.097,14.133,5.582,1.306,3.682,4.216,26.128,6.651,6.948,2.791
30039,1265,19.289,10.356,4.743,1.028,8.538,3.953,0.870,4.980,5.296,24.427,10.198,3.241,3.083
19059,8899,4.281,9.147,18.305,3.034,11.844,4.326,1.304,4.439,6.866,19.463,8.776,4.776,3.439
26119,2937,3.405,8.546,13.381,1.362,12.496,5.243,0.681,5.754,5.958,18.829,12.121,7.116,5.107
27109,80162,1.529,4.497,9.151,1.633,10.267,2.880,1.947,3.349,7.450,44.379,6.623,3.855,2.439
30043,5295,6.799,8.725,3.588,1.964,7.611,3.551,0.737,6.723,9.915,23.135,7.970,4.023,15.260
55019,15579,14.237,6.541,23.660,2.292,9.699,4.763,0.648,2.702,3.646,20.277,4.737,4.057,2.741
27057,9475,2.860,9.003,9.161,1.953,13.984,4.264,1.288,4.813,5.393,27.113,9.741,5.562,4.865
20139,7264,2.919,9.829,8.287,2.795,12.238,6.966,2.051,5.520,5.094,25.138,6.209,6.167,6.787
18081,70667,0.792,6.617,15.899,2.253,12.269,5.391,1.777,6.106,9.838,21.886,7.244,5.530,4.398
29037,48122,1.642,9.418,10.388,3.098,11.828,5.430,2.174,7.589,10.642,20.781,7.194,5.488,4.329
37173,5543,1.461,7.487,7.307,2.309,8.894,2.075,1.624,3.283,6.242,22.479,23.561,3.879,9.399
48295,1662,26.414,10.890,7.341,1.986,7.762,10.289,1.685,3.490,2.347,15.463,3.008,6.017,3.309
25005,269391,0.650,6.795,11.628,3.573,13.673,4.008,1.625,5.736,8.771,26.024,8.779,4.293,4.445
19127,19409,3.596,7.203,26.390,2.612,9.944,5.070,1.262,3.277,5.590,21.856,5.662,4.611,2.926
40037,29749,3.603,7.446,16.085,3.271,10.821,6.696,1.684,5.056,8.094,20.754,7.096,5.876,3.519
29055,9393,4.418,8.027,19.983,2.065,9.826,4.940,1.214,3.109,5.941,20.356,10.220,5.760,4.141
35049,70423,1.049,6.271,2.854,1.092,11.249,3.186,1.651,5.446,15.873,21.903,14.477,6.002,8.946
20005,7519,3.391,4.721,20.202,1.091,10.972,3.059,0.718,4.149,2.913,32.996,8.512,2.793,4.482
36055,361948,0.370,4.046,11.924,2.490,11.522,3.173,2.455,5.267,11.893,31.021,8.331,4.416,3.092
15007,33996,3.656,7.351,2.100,1.553,11.142,5.054,1.538,6.260,10.116,15.828,24.185,4.392,6.824
47147,31579,2.359,9.725,17.214,2.340,10.406,5.231,1.412,5.462,8.366,19.348,8.145,4.588,5.402
21105,1742,12.055,10.620,14.811,2.870,10.677,6.487,0.631,1.952,5.109,23.134,3.272,5.454,2.928
53023,883,16.082,5.776,1.586,4.417,15.742,8.381,1.586,2.831,2.039,27.180,2.718,3.511,8.154
39025,97207,0.399,6.315,14.703,3.197,12.706,4.704,2.020,8.644,11.545,19.585,8.123,5.274,2.783
12075,14392,7.879,9.742,3.558,1.306,13.181,6.247,0.591,5.142,8.241,23.867,8.032,5.357,6.858
1101,99158,0.535,4.401,10.972,1.930,11.946,3.536,1.338,5.912,10.089,21.809,10.576,5.264,11.692
12035,36923,0.837,5.931,6.730,2.763,14.636,3.320,1.812,6.836,12.412,23.725,11.719,5.449,3.830
49009,222,15.315,2.703,1.351,0.000,10.811,17.568,0.000,0.000,4.955,17.117,10.360,1.802,18.018
54047,4627,18.976,2.053,1.988,0.195,14.178,9.099,0.864,4.625,5.036,29.458,1.923,3.112,8.494
31175,2268,12.743,8.554,5.688,1.675,12.743,7.319,2.690,4.056,4.409,22.310,5.115,8.201,4.497
29075,2989,9.234,5.420,10.940,1.907,9.803,5.721,1.572,4.182,5.554,31.449,5.721,4.550,3.948
48491,233418,1.032,6.605,10.839,2.812,12.122,3.000,2.406,7.164,14.288,21.112,7.848,4.795,5.977
53001,7698,31.060,3.339,13.341,4.144,8.717,5.274,0.351,1.182,3.715,18.914,4.612,2.936,2.416
38037,1205,33.278,4.896,4.813,3.651,6.058,6.473,0.498,3.651,1.494,23.485,3.071,4.979,3.651
48205,2290,19.738,5.415,4.192,2.795,7.948,6.725,1.135,6.201,6.157,23.144,6.812,4.891,4.847
12125,3955,3.338,3.565,5.537,2.250,13.300,7.408,0.556,5.082,6.346,22.908,5.487,3.767,20.455
28143,4191,5.464,1.002,7.182,1.288,10.117,5.464,0.597,2.386,6.204,17.108,37.103,2.649,3.436
26039,5197,1.905,4.772,10.641,1.501,12.161,6.869,1.174,3.579,5.984,24.437,13.008,5.061,8.909
22065,3967,7.058,6.352,5.621,1.059,11.016,2.924,0.832,2.823,3.680,30.325,11.293,6.478,10.537
55127,52048,2.409,7.201,19.764,2.676,11.247,3.883,1.574,4.160,7.478,21.513,10.982,4.035,3.078
16025,500,12.200,17.800,8.600,0.400,7.200,2.800,2.200,3.400,3.800,19.000,10.600,8.000,4.000
48053,18673,4.086,12.639,7.530,2.024,13.308,4.102,1.960,4.611,9.495,16.430,13.287,5.146,5.382
12067,2685,10.093,3.277,10.317,2.309,7.858,8.268,0.335,2.905,6.629,17.728,5.922,5.698,18.659
5091,18429,2.149,5.296,13.886,3.294,14.597,6.039,1.704,4.460,7.146,22.144,7.168,5.736,6.381
48033,282,18.794,4.965,4.255,3.901,7.092,2.128,0.000,4.610,4.610,25.532,3.191,2.837,18.085
48129,1411,12.332,7.087,3.544,0.709,7.796,7.229,0.142,3.473,3.047,27.923,7.938,7.300,11.481
28037,3102,14.442,7.640,12.992,0.355,9.703,10.380,1.483,7.189,2.063,22.727,3.224,3.868,3.933
39159,25357,2.406,4.863,17.680,3.068,11.117,4.650,1.763,5.856,11.587,19.872,7.418,5.150,4.571
45037,10099,4.466,6.209,16.497,2.941,11.783,6.228,1.961,3.802,10.150,20.873,4.090,6.050,4.951
42061,18580,3.337,9.629,13.854,1.986,10.883,5.447,1.346,3.396,5.161,27.153,6.787,3.746,7.277
2220,4756,9.083,6.308,5.530,0.883,8.789,5.887,1.787,2.460,5.004,30.908,10.282,5.551,7.527
2282,375,14.933,3.733,10.133,0.533,10.400,8.000,1.067,2.133,6.667,13.867,8.800,0.800,18.933
6069,26261,7.155,9.192,11.999,4.002,13.240,3.922,1.348,4.421,7.905,17.585,9.257,4.916,5.057
9007,87871,0.347,5.828,12.357,2.589,10.492,3.520,2.558,9.124,11.270,25.770,7.744,4.470,3.932
48437,2784,12.859,5.819,7.902,6.178,15.050,6.358,1.509,3.269,2.802,18.786,7.723,7.471,4.274
37011,6873,2.837,11.378,7.449,2.284,12.658,2.968,0.553,5.194,6.926,25.360,11.611,6.562,4.219
8069,164011,2.568,6.725,9.580,1.955,11.863,3.125,2.035,5.137,12.463,25.003,10.638,5.024,3.887
12027,12279,24.188,9.097,4.724,1.971,11.117,5.774,0.806,3.363,6.092,13.381,7.574,4.512,7.403
48463,10801,11.434,8.684,4.731,1.537,11.684,6.323,0.241,3.416,6.610,25.720,6.833,5.490,7.296
27151,4865,10.689,6.331,15.622,4.419,10.771,5.015,2.405,3.392,5.200,22.754,4.275,4.913,4.214
54043,7245,7.633,6.432,7.371,2.498,12.133,7.426,1.063,4.734,7.164,22.429,7.302,7.412,6.404
17013,2231,4.393,12.281,12.461,4.034,6.275,3.765,0.583,8.247,5.334,20.843,11.430,6.096,4.258
51097,3335,4.888,13.943,10.345,1.979,10.735,3.988,1.319,5.157,11.904,18.441,7.136,3.448,6.717
13311,11029,2.249,9.230,13.020,1.659,16.983,3.291,2.258,4.035,5.603,19.086,11.443,6.302,4.842
17073,23544,3.258,6.974,18.370,3.024,11.625,6.834,1.504,4.689,5.985,20.918,7.140,4.889,4.791
19057,18798,1.936,7.091,19.991,2.016,13.789,5.490,1.255,4.298,5.612,21.917,8.395,5.091,3.117
18163,86077,0.747,5.546,15.946,2.730,13.050,4.844,2.052,5.391,8.234,23.275,9.955,5.446,2.784
37029,4429,5.329,4.967,12.034,1.761,11.515,3.274,0.181,5.216,7.135,25.943,5.419,2.416,14.811
19191,12230,8.635,6.402,10.916,2.788,9.918,3.663,1.243,3.794,5.282,34.546,6.427,4.816,1.570
17201,131172,0.743,4.420,22.320,2.643,11.055,5.516,1.526,4.714,7.836,22.818,8.253,5.125,3.030
55051,2560,3.906,7.187,15.977,1.602,9.805,3.906,1.211,3.320,5.820,23.672,12.773,4.492,6.328
56003,5288,17.908,11.403,8.169,0.946,9.644,4.898,2.080,2.326,3.423,23.430,6.146,4.312,5.314
37041,5711,5.621,8.370,6.023,0.963,15.479,5.271,1.086,2.119,6.321,27.158,7.529,5.726,8.335
17121,17066,2.912,4.295,18.012,1.986,11.397,7.055,0.627,3.715,4.635,28.308,7.448,5.151,4.459
48465,18261,5.115,5.169,6.829,1.544,13.570,5.744,0.482,4.775,4.419,25.026,8.494,3.313,15.519
46101,3379,17.106,5.416,12.075,1.776,8.523,6.096,0.474,4.972,4.025,21.930,8.997,5.564,3.048
26103,29522,5.111,6.155,5.000,1.731,11.940,4.590,1.541,4.454,6.670,30.008,12.099,5.284,5.416
51187,18689,1.348,12.933,6.111,3.055,10.429,4.409,1.846,3.762,13.762,21.606,7.475,5.270,7.994
29093,3878,7.220,7.555,13.873,1.264,11.269,4.745,1.006,1.960,6.240,29.577,5.828,4.384,5.080
5149,8567,8.463,7.716,23.544,1.646,9.420,5.474,1.354,2.556,6.245,19.423,6.222,4.447,3.490
4009,11954,13.360,5.990,3.689,0.870,13.426,3.170,1.096,3.589,6.015,24.987,9.570,5.680,8.558
5023,9699,6.104,8.527,13.702,2.743,14.929,5.939,1.103,4.980,5.815,20.146,8.650,3.464,3.897
2261,4415,10.623,9.309,6.070,0.498,4.553,7.860,3.986,3.307,7.678,23.420,8.834,2.650,11.212
18061,18294,1.744,7.844,18.897,2.602,12.031,6.073,1.345,6.002,4.958,21.384,9.823,2.908,4.389
38017,94675,2.361,7.165,9.088,4.200,12.343,4.376,1.648,8.493,9.039,25.890,9.112,4.017,2.269
48383,1778,36.052,6.018,0.956,0.956,5.624,12.092,0.000,5.512,3.712,13.723,4.724,7.593,3.037
19131,5319,11.807,7.821,20.699,2.350,9.945,5.114,1.034,4.437,3.403,20.756,5.903,4.023,2.707
33003,22992,0.970,9.847,7.568,2.153,13.118,3.806,1.809,4.315,9.195,23.465,15.836,4.623,3.297
12043,3701,16.752,4.512,6.755,0.946,9.727,11.051,1.648,2.405,7.295,15.077,13.807,3.756,6.269
5051,39729,1.183,8.792,7.536,2.230,14.501,4.334,1.729,4.820,8.787,25.004,12.565,4.684,3.833
20193,4376,10.992,5.644,2.856,3.953,13.985,4.159,2.011,5.187,5.873,27.034,9.438,4.593,4.273
55069,13973,2.791,5.360,23.188,3.120,12.138,4.723,1.023,8.946,4.795,19.230,7.429,3.893,3.364
20101,926,26.134,8.207,1.512,3.780,7.883,4.968,2.916,1.296,3.672,25.162,1.620,8.099,4.752
39069,13436,2.642,6.535,25.201,1.987,8.872,6.014,0.863,3.617,5.642,23.884,5.679,4.547,4.518
53031,11518,2.275,7.823,8.717,1.459,9.880,5.114,1.736,4.888,10.010,22.973,10.167,8.769,6.190
16001,199955,1.537,6.038,9.266,2.660,11.927,4.233,2.678,6.629,12.528,23.563,8.665,4.091,6.183
42041,121280,1.088,4.723,8.443,2.680,13.280,6.027,1.459,8.389,10.521,22.548,7.332,4.779,8.731
36033,20094,2.643,5.897,5.479,1.622,11.461,2.852,1.568,3.578,4.723,32.771,9.699,4.290,13.417
38023,1252,29.233,10.224,3.115,4.233,7.268,6.070,0.639,3.994,3.674,13.818,7.987,4.233,5.511
19005,6904,10.472,7.952,15.397,3.244,12.862,5.200,0.478,2.998,4.273,23.537,5.243,5.041,3.302
26087,37682,2.189,7.226,24.075,1.640,12.489,3.646,1.107,3.784,8.261,20.357,8.219,4.732,2.274
1117,101343,0.670,6.097,8.149,3.040,11.969,5.014,3.508,10.881,12.214,21.300,7.469,5.557,4.133
27161,9630,5.119,6.334,22.409,2.409,9.024,4.590,1.880,4.413,5.805,24.984,4.309,4.849,3.873
8013,166701,1.099,4.501,10.108,2.262,9.645,2.284,3.486,4.873,19.679,23.254,10.830,5.301,2.678
6113,92806,4.111,4.391,6.336,2.291,10.018,4.519,1.528,4.266,10.522,30.251,9.733,4.164,7.871
55057,11520,4.453,6.181,20.087,1.701,13.628,4.809,0.825,3.160,4.036,18.602,12.309,3.681,6.528
20089,1468,17.302,6.335,5.722,4.973,10.150,5.109,2.861,5.313,3.747,25.886,2.725,4.223,5.654
56021,46206,3.653,7.216,4.010,1.632,13.470,7.027,2.430,5.209,9.075,20.344,7.531,3.764,14.639
19177,3305,6.989,8.986,22.542,2.511,7.958,5.234,1.120,7.625,4.145,22.693,3.540,4.206,2.451
27021,12165,3.798,10.908,8.681,2.195,11.023,4.118,1.463,4.784,6.387,22.532,12.717,5.187,6.206
53045,22155,7.565,6.468,10.255,2.519,9.497,5.033,0.790,4.265,8.287,20.483,9.546,4.265,11.027
13047,30069,0.452,6.412,15.651,3.618,11.906,6.947,2.128,8.135,6.449,20.357,7.333,7.722,2.890
28063,1861,4.944,3.063,13.649,2.955,9.135,12.144,0.000,0.000,1.988,37.077,4.406,0.000,10.639
18179,13510,3.190,4.722,25.041,4.397,10.881,6.906,1.747,4.523,4.027,17.964,7.024,6.765,2.813
20063,1367,20.117,6.072,8.120,4.535,7.681,3.877,1.975,4.462,6.511,24.799,3.950,5.194,2.707
13245,76807,0.456,5.192,9.460,1.405,13.091,5.440,2.056,3.531,10.335,25.916,11.202,4.380,7.537
22097,31154,7.498,9.116,5.190,2.629,13.093,4.154,1.518,4.430,5.897,26.812,7.989,6.458,5.216
55061,10404,9.064,7.584,25.058,1.855,9.794,7.363,1.134,3.931,5.075,17.686,5.344,3.633,2.480
27009,20104,2.761,8.028,14.390,3.462,12.435,6.486,0.910,5.029,7.158,24.428,6.481,5.675,2.756
13155,3158,3.927,3.515,20.646,1.995,8.328,8.550,3.547,3.958,8.961,18.936,6.871,4.433,6.333
56027,1114,17.504,10.054,1.975,0.000,9.246,6.284,1.077,5.386,3.950,16.517,4.847,0.898,22.262
39137,17579,2.987,7.179,27.061,2.145,9.534,4.050,1.024,3.123,4.045,26.549,6.092,3.925,2.287
47115,11895,1.446,6.213,20.815,2.825,13.569,9.222,1.934,4.750,4.901,19.075,6.230,5.633,3.388
8107,14060,5.853,9.879,2.418,2.994,8.798,5.206,2.041,8.556,8.812,16.991,19.659,5.292,3.499
21025,4239,4.600,6.393,4.223,1.203,11.960,5.497,1.014,3.916,7.407,31.658,6.723,4.860,10.545
20189,2696,22.997,8.605,11.424,1.743,8.939,6.788,0.482,4.488,5.453,17.322,4.303,6.677,0.779
20041,8898,6.001,6.709,13.250,3.046,15.127,5.069,1.495,4.821,5.698,23.028,6.159,4.080,5.518
26133,8807,5.030,5.200,24.617,1.260,10.651,5.734,0.818,3.043,5.666,22.459,7.085,4.735,3.702
48161,7868,11.896,8.172,7.308,1.538,6.685,8.566,0.813,4.766,5.935,22.407,8.592,5.313,8.007
19101,7751,3.225,4.619,15.727,3.793,10.682,2.542,1.897,6.683,8.915,22.655,7.651,7.496,4.116
30003,4663,11.924,3.474,0.772,0.793,9.114,3.882,0.536,2.252,1.308,27.193,12.031,4.525,22.196
45085,41972,1.203,6.054,18.472,1.763,11.131,4.293,0.865,4.341,8.475,22.039,7.179,4.989,9.197
38035,37754,3.581,6.863,4.958,2.294,14.843,4.611,1.528,4.545,6.071,32.039,9.872,3.841,4.953
